CIS-89		508051.103349 968401.674689 -901.286713 431.97650146 0.2690680027 0.7332999706
CN-35 		505814.680000 956307.860000 -755.720000 507.62838745 0.2727110088 0.2325999737
CIS-87_ST2  508237.333974 968449.565738 -906.211811 35.442398071 0.2184569985 0.3461999893
UV-82 		514790.000000 963750.000000 -818.070000 50.776798248 0.2251020074 0.3252999783
CNX-2 		506500.000000 958000.010000 -774.760000 6.1167001724 0.1887049973 0.0000000000
CES-2-0 	509428.060000 971296.150000 -965.810000 176.44369507 0.0    	  0.4071999788
CIS-1-0 	507816.300000 959599.600000 -789.080000 816.19488525 0.2102349997 0.3780999780
CIS-2-0 	507883.410000 966841.260000 -935.220000 235.29139709 0.1751720011 0.2358000278
CN-39   	509600.000000 958900.000000 -792.980000 2.1171000004 0.1727370024 0.0167999864
CN-41   	508801.180000 961680.020000 -808.910000 416.04949951 0.2682270110 0.5044000149
CN-42   	506540.000000 959970.000000 -777.530000 344.16070557 0.2084909976 0.3230000138
CN-49   	507320.000000 964780.500000 -913.640000 47.338600159 0.2237900048 0.0000000000
CN-50   	510640.000000 965100.000000 -910.990000 3289.7312012 0.2498189956 0.4121999741
CN-52   	510060.000000 968950.000000 -922.450000 37.248298645 0.2193640023 0.0000000000
CN-53   	510500.000000 967000.000000 -935.890000 7658.9501953 0.3291690052 0.8130999804
CN-120  	511850.000000 962800.000000 -832.330000 43.666698456 0.2222899944 0.1453999877 
CN-129  	511000.000000 971500.000000 -961.060000 847.90020752 0.2846220136 0.1607999802
CJS-75  	511002.774925 962005.350475 -807.433390 43.052398682 0.2220270038 0.5825999975
CJS-50  	511810.359796 969514.249690 -971.411477 0.0017000000 0.0954980031 0.0000000000
CJS-53  	511620.107892 969289.729126 -961.720473 1466.7551270 0.2979219854 0.6577000022
CJS-57  	511668.673285 968741.279568 -946.643307 525.42718506 0.2734949887 0.5030000210
CJS-52  	510798.730198 967434.649351 -933.536679 10801.661133 0.3518550098 0.9200000167
CIS-99  	508209.176051 967987.014224 -882.278322 852.20690918 0.2847419977 0.5784103870
CIS-93  	508193.205513 968199.588661 -889.282443 0.0273000002 0.1201869994 0.0000000000
CIS-98		508689.323982 969365.915776 -925.495715 25.795900345 0.2127500027 0.8587999940
CIS-88 		508199.257671 968395.331673 -901.055701 818.69726563 0.2837919891 0.4338999987
CIS-100_ST2 508134.097543 967815.143659 -880.194506 245.75230408 0.2566457093 0.7195070982
CIS-92 		508751.204392 969136.116441 -926.722556 0.2795999944 0.1459210068 0.0000000000
CIS-99      508209.176051 967987.014224 -882.278322 852.20690918 0.2847419977 0.5784103870