CN-35       505814.680000 956307.860000 -755.720000 507.62838745 0.2727110088 0.2325999737 505846.6 956258.27 -741.36 5786.13
CIS-87_ST2  508237.333974 968449.565738 -906.211811 35.442398071 0.2184569985 0.3461999893 508245.4 968452.14 -922.1 6062.16
UV-82       514790.000000 963750.000000 -818.070000 50.776798248 0.2251020074 0.3252999783 514742.15 963754.5 -851.17 7174.07
CNX-2       506500.000000 958000.010000 -774.760000 6.1167001724 0.1887049973 0.0000000000 506546.25 957957.42 -760.46 4295.23
CIS-1-0     507816.300000 959599.600000 -789.080000 816.19488525 0.2102349997 0.3780999780 507845.6 959556.61 -781.57 5651.68
CIS-2-0     507883.410000 966841.260000 -935.220000 235.29139709 0.1751720011 0.2358000278 507845.6 966852.94 -928.73 4073.81
CN-39       509600.000000 958900.000000 -792.980000 2.1171000004 0.1727370024 0.0167999864 509644.7 958856.96 -785.65 5261.3
CN-41       508801.180000 961680.020000 -808.910000 416.04949951 0.2682270110 0.5044000149 508845.1 961655.56 -799.33 5816.63
CN-42       506540.000000 959970.000000 -777.530000 344.16070557 0.2084909976 0.3230000138 506546.25 959956.41 -766.1 4765.73
CN-49       507320.000000 964780.500000 -913.640000 47.338600159 0.2237900048 0.0000000000 507345.85 964754.0 -905.82 3898.22
CN-50       510640.000000 965100.000000 -910.990000 3289.7312012 0.2498189956 0.4121999741 510644.2 965053.85 -903.91 5082.2
CN-52       510060.000000 968950.000000 -922.450000 37.248298645 0.2193640023 0.0000000000 510044.5 968951.89 -916.41 5307.52
CN-53       510500.000000 967000.000000 -935.890000 7658.9501953 0.3291690052 0.8130999804 510544.25 966952.89 -923.05 4558.88
CN-120      511850.000000 962800.000000 -832.330000 43.666698456 0.2222899944 0.1453999877 511843.6 962755.0 -817.76 4208.48
CN-129      511000.000000 971500.000000 -961.060000 847.90020752 0.2846220136 0.1607999802 511044.0 971450.63 -953.52 4518.94
CJS-75      511002.774925 962005.350475 -807.433390 43.052398682 0.2220270038 0.5825999975 511044.0 961955.41 -803.86 4520.62
CJS-50      511810.359796 969514.249690 -971.411477 0.0017000000 0.0954980031 0.0000000000 511843.6 969551.59 -935.53 4638.31
CJS-53      511620.107892 969289.729126 -961.720473 1466.7551270 0.2979219854 0.6577000022 511643.7 969251.74 -930.44 4097.54
CJS-57      511668.673285 968741.279568 -946.643307 525.42718506 0.2734949887 0.5030000210 511643.7 968751.99 -927.45 4153.43
CJS-52      510798.730198 967434.649351 -933.536679 10801.661133 0.3518550098 0.9200000167 510844.1 967452.64 -921.51 4821.43
CIS-99      508209.176051 967987.014224 -882.278322 852.20690918 0.2847419977 0.5784103870 508245.4 967952.39 -925.85 6902.7
CIS-93      508193.205513 968199.588661 -889.282443 0.0273000002 0.1201869994 0.0000000000 508145.45 968152.29 -922.99 6639.43
CIS-89      508051.103349 968401.674689 -901.286713 431.97650146 0.2690680027 0.7332999706 508045.50 968152.29 -921.90 6636.95
CIS-98      508689.323982 969365.915776 -925.495715 25.795900345 0.2127500027 0.8587999940 508045.50 968352.19 -921.13 6438.51
CIS-88      508199.257671 968395.331673 -901.055701 818.69726563 0.2837919891 0.4338999987 508245.4 968352.19 -922.53 6603.7
CIS-100_ST2 508134.097543 967815.143659 -880.194506 245.75230408 0.2566457093 0.7195070982 508145.45 967852.44 -925.82 6883.1 
CIS-92      508751.204392 969136.116441 -926.722556 0.2795999944 0.1459210068 0.0000000000 508745.15 969151.79 -921.39 4789.8
CIS-99      508209.176051 967987.014224 -882.278322 852.20690918 0.2847419977 0.5784103870 508245.4 967952.39 -925.85 6902.7



CIS-89		508051.103349 968401.674689 -901.286713 431.97650146 0.2690680027 0.7332999706
CIS-87_ST2  508237.333974 968449.565738 -906.211811 35.442398071 0.2184569985 0.3461999893
CES-2-0 	509428.060000 971296.150000 -965.810000 176.44369507 0.0    	  0.4071999788
CN-39   	509600.000000 958900.000000 -792.980000 2.1171000004 0.1727370024 0.0167999864
CN-41   	508801.180000 961680.020000 -808.910000 416.04949951 0.2682270110 0.5044000149
CN-42   	506540.000000 959970.000000 -777.530000 344.16070557 0.2084909976 0.3230000138
CN-49   	507320.000000 964780.500000 -913.640000 47.338600159 0.2237900048 0.0000000000
CN-50   	510640.000000 965100.000000 -910.990000 3289.7312012 0.2498189956 0.4121999741
CN-52   	510060.000000 968950.000000 -922.450000 37.248298645 0.2193640023 0.0000000000
CN-53   	510500.000000 967000.000000 -935.890000 7658.9501953 0.3291690052 0.8130999804
CJS-75  	511002.774925 962005.350475 -807.433390 43.052398682 0.2220270038 0.5825999975
CJS-53  	511620.107892 969289.729126 -961.720473 1466.7551270 0.2979219854 0.6577000022
CJS-57  	511668.673285 968741.279568 -946.643307 525.42718506 0.2734949887 0.5030000210
CIS-93  	508193.205513 968199.588661 -889.282443 0.0273000002 0.1201869994 0.0000000000
CIS-100_ST2 508134.097543 967815.143659 -880.194506 245.75230408 0.2566457093 0.7195070982
CIS-99  	508209.176051 967987.014224 -882.278322 852.20690918 0.2847419977 0.5784103870
CN-35   	505788.00000000 956354.37569061 -757.98860168 8013.4633789 0.3432089984 0.9200000167
CIS-1-0 	507776.83720930 959644.53038674 -790.55258942 5076.3247070 0.3245609999 0.9200000167
CIS-2-0 	507876.27906977 966823.04972376 -936.70687866 1114.8920898 0.2718830109 0.6410000324
CN-120  	511853.95348837 962834.98342541 -834.76428986 34.383701324 0.2179059982 0.2785000205
CN-129  	510958.97674419 971509.02762431 -962.95294189 5882.4062500 0.3344790041 0.8658000231
CN-193  	507180.18604651 969315.59116022 -932.31501007 852.20690918 0.2847419977 0.4131000042
CNX-2   	506484.09302326 958049.30386740 -776.61831665 61.956298828 0.2288659960 0.1255999804
UV-82  	 	514837.20930233 963732.29834254 -855.01097870 8438.9140625 0.3446910083 0.9200000167
UV-132 	 	514837.20930233 970013.50276243 -990.43470001 1361.6308594 0.2960819900 0.4114999771
CIS-88  	508472.93023256 968119.17127072 -923.86667633 0.1393999904 0.1376949996 0.0000000000
CIS-98  	508970.13953488 969514.99447514 -921.90887451 207.43260193 0.2531119883 0.8625999689
CIS-92 		508970.13953488 969415.29281768 -920.68630981 549.82122803 0.2745310068 0.0000000000
CIS-94		508970.13953488 969415.29281768 -920.68630981 29.811700821 0.2153300047 0.8416000009
CJS-43		511456.18604651 969116.18784530 -944.59635925 9.6259002686 0.1959719956 0.0000000000
CJS-45_ST2	511058.41860465 967820.06629834 -939.25468445 0.0063000000 0.1063989997 0.0000000000
CJS-46      511456.18604651 969116.18784530 -944.59635925 0.0221000016 0.1181270033 0.0000000000
CJS-50		511456.18604651 969116.18784530 -944.59635925 0.0339000002 0.1224080026 0.0000000000
CJS-51		510958.97674419 962535.87845304 -830.82038879 38.113002777 0.2197840065 0.9200000167
CJS-52		510958.97674419 967820.06629834 -938.36081696 7785.9897461 0.3423860073 0.9200000167
CJS-56		510958.97674419 967820.06629834 -938.36081696 3392.2448730 0.3194830120 0.8845000267
CJS-71		514041.67441860 967421.25966851 -952.19361115 8191.9057617 0.3438389897 0.9200000167
CIS-91		508472.93023256 968119.17127072 -923.86667633 5817.6889648 0.3341709971 0.9200000167
CJS-45_ST2	511028.41 967810.31 939.27001953 0.0063000000 0.1063989997 0.0000000000
CJS-56		510988.41 967800.25 939.35998535 2868.6472168 0.3150500059 0.9120000005
CJS-71	  	514069.34 967450.44 952.19000244 8191.9057617 0.3438389897 0.9200000167
CJS-59  	510988.41 967810.31 938.36999512 1771.4771729 0.3026460111 0.8486999869
CJS-44  	510931.44 962580.94 830.79998779 950.34918213 0.2873399854 0.6417000294
CJS-48  	510971.44 962588.93 830.82000732 2379.9592285 0.3101849854 0.9200000167
CJS-60_ST1  511409.44 969045.63 944.36999512 11.026700020 0.1982029974 0.0000000000
CJS-55  	511409.44 969029.63 953.58001709 3079.0500488 0.3169139922 0.9200000167
CJS-69  	511409.44 969085.63 953.96997070 18.984100342 0.2073830068 0.0000000000
CJS-48  	510971.44 962588.93 833.98999023 4896.5878906 0.3294059932 0.9200000167
CJS-40  	511028.41 967790.31 939.26000977 5199.8789063 0.3310590088 0.8919000030
CJS-74  	511409.44 969069.63 944.60998535 16.072801590 0.2045260072 0.0000000000
CJS-47  	511028.41 967820.31 939.25000000 0.1992999911 0.1418640018 0.0000000000
CJS-63 		510988.41 967830.31 938.38000488 4156.2114258 0.3249360025 0.8963999748
CJS-39_ST1  511028.41 967780.31 939.27001953 3674.6574707 0.3216190040 0.9118000269
CJS-64  	514069.34 967474.44 954.04998779 29.104198456 0.2149000019 0.0000000000
CJS-42_ST1  511028.53 967800.25 939.20001221 2672.9123535 0.3131999969 0.6747000217
CIS-90  	508945.97 969411.69 920.71997070 21.975900650 0.2099269927 0.0952000022
CJS-51  	510971.44 962580.94 830.82000732 38.113002777 0.2197840065 0.9200000167
CIS-97  	508434.56 968096.25 923.82000732 343.28390503 0.2639639974 0.3457000256
CJS-16ST 	510998.26 966460.36 935.48999023 3888.6320801 0.3231390119 0.0000000000
CJS-18 	 	510998.42 966430.30 935.50000000 428.21139526 0.2688710093 0.0
CJS-20  	510958.21 966470.44 935.50000000 458.61981201 0.2704130113 0.0
CJS-23  	510958.44 966440.32 935.50000000 3453.4599609 0.3199590147 0.0
CJS-3  		510998.71 965271.04 912.91998291 17.315399170 0.2057989985 0.0
CJS-4  		510998.75 965260.97 912.90002441 1.2568000555 0.1653909981 0.0
CJS-8  		510958.74 965281.14 914.82000732 2062.7827148 0.3065100014 0.0
CJS-9  		510958.78 965271.10 912.90997314 0.0227000006 0.1183729991 0.0
CJS-25  	511028.40 964080.30 881.39001465 1974.7667236 0.3053979874 0.0
CJS-27 		511028.40 964060.30 881.38000488 0.1517000049 0.1386729926 0.0
CJS-28  	511028.40 964050.30 881.38000488 0.1872999966 0.1411270052 0.0
CJS-29  	511028.40 964040.30 881.34002686 1942.6522217 0.3049809933 0.0
CIS-4  		507862.10 966851.47 936.72998047 1444.9179688 0.2975499928 0.0
CIS-6  		507880.52 966859.62 936.70001221 159.17390442 0.2475879937 0.0
CIS-7 		507889.62 966863.63 936.72998047 11.653100014 0.1991180032 0.0
CIS-8  		507898.80 966867.64 936.70001221 1511.2004395 0.2986640036 0.0
CIS-13  	507904.20 966830.81 936.71997070 3281.8540039 0.3186030090 0.0
CIS-14  	507913.39 966834.91 936.70001221 1332.2409668 0.2955439985 0.0
CIS-56  	506505.00 960140.00 780.06933594 0.0115999999 0.1119119972 0.0
CIS-57  	506505.00 960130.00 780.13079834 2103.5383301 0.3070099950 0.0
CIS-58  	506505.00 960120.00 780.06060791 4010.9804688 0.3239740133 0.0
CIS-59  	506505.00 960110.00 780.13739014 4352.9116211 0.3261910081 0.0925000012
CIS-60  	506505.00 960100.00 780.10705566 163.34500122 0.2481220067 0.8464000225
CIS-61  	506505.00 960090.00 781.22241211 1555.7543945 0.2993879914 0.0873999968
